28.262
261.643
200.95
947.597
687.45
465.049
240.475
205.633
578.19
721.273
978.177
414.741
20.051
339.323
149.704
498.045
299.793
34.79
729.406
735.559
287.386
50.072
574.983
791.17
835.637
656.387
60.954
407.919
447.006
578.492
810.04
579.879
428.35
37.742
884.941
433.625
949.486
633.344
53.692
404.189
789.044
27.539
581.199
176.969
630.008
108.718
874.535
484.516
559.839
303.575
406.783
322.007
390.22
991.48
813.083
981.09
619.313
514.073
335.61
560.282
608.002
574.06
429.171
819.182
60.061
924.146
317.098
420.781
711.979
227.581
958.545
775.846
432.513
133.629
621.083
550.979
372.324
911.559
995.183
905.672
399.53
64.437
711.245
45.631
106.014
429.681
851.161
495.158
235.4
287.104
850.901
854.45
946.889
56.456
709.208
465.645
165.713
725.579
593.771
481.631
700.832
356.537
883.186
365.289
606.952
841.321
300.697
925.096
409.853
533.353
256.024
410.464
502.346
811.019
679.755
313.847
434.0
623.143
847.04
306.621
26.412
157.179
869.703
169.687
288.783
156.996
556.141
356.105
552.786
966.203
5.927
851.556
269.971
121.523
410.471
784.666
69.797
555.707
41.331
870.342
138.74
132.587
12.413
310.881
221.579
44.608
629.676
471.112
473.601
638.578
315.465
522.521
24.365
828.373
600.218
482.294
790.127
776.519
379.857
546.838
786.56
11.517
684.932
188.688
438.288
33.395
648.117
646.072
535.705
828.666
140.963
870.555
843.163
239.87
786.342
585.968
759.052
419.705
406.503
195.679
689.775
346.989
576.559
981.44
146.716
437.364
689.05
46.318
298.372
131.298
498.139
740.949
26.899
695.703
640.779
342.711
474.159
209.659
596.992
618.381
795.294
928.202
470.873
530.21
299.696
973.987
719.495
345.256
903.144
562.716
477.627
585.052
657.077
813.982
223.628
356.577
74.432
647.32
822.583
418.776
591.369
752.366
815.744
299.956
151.261
218.154
948.157
684.217
193.38
788.598
665.127
277.496
998.983
998.173
848.823
432.565
783.327
62.662
20.32
799.83
293.006
843.848
934.329
128.483
543.836
489.595
664.059
29.832
984.217
97.113
195.654
770.985
253.08
940.207
836.238
226.778
520.348
36.708
179.604
172.03
143.439
111.269
146.643
186.566
255.884
392.36
927.441
970.908
390.7
930.342
12.349
720.853
885.203
480.764
779.686
64.321
767.384
230.064
519.688
227.746
798.379
529.659
757.728
379.115
894.296
754.747
83.001
777.881
449.808
158.8
388.042
868.586
134.645
475.589
176.178
435.891
515.938
636.159
963.445
329.127
191.097
932.471
53.475
750.851
400.602
812.308
834.268
987.479
269.208
106.441
924.317
75.13
862.992
154.1
940.016
852.595
191.561
350.113
487.16
360.244
573.281
817.382
809.991
76.58
904.352
852.13
306.794
900.267
299.076
187.037
67.333
236.345
447.224
364.192
931.535
186.833
676.324
302.863
662.555
314.926
975.511
585.962
542.835
490.656
113.186
886.75
488.348
126.457
258.587
554.819
459.032
27.917
402.76
587.634
473.805
693.845
593.697
499.274
670.414
163.021
727.946
379.026
245.498
579.418
202.593
841.966
797.942
147.815
161.97
632.025
34.46
402.563
211.092
989.653
669.401
822.762
275.214
404.82
413.121
598.322
41.837
724.89
547.351
687.952
882.768
680.824
826.917
822.552
635.741
705.438
222.387
86.449
188.06
590.52
427.06
837.467
623.945
481.171
471.691
232.084
793.522
54.492
980.934
994.81
309.801
600.496
871.352
903.439
546.361
613.455
661.557
722.316
495.259
460.983
605.539
829.979
366.634
293.602
237.107
652.074
460.341
128.955
951.913
243.898
75.627
739.973
59.783
227.414
490.201
331.346
7.204
405.78
479.063
170.819
139.117
869.275
601.201
283.056
856.203
896.367
533.456
819.598
743.456
486.811
782.546
968.265
957.64
441.663
976.606
14.597
808.155
675.28
136.459
424.723
551.576
830.625
645.509
443.414
893.934
476.73
514.239
552.424
364.754
293.219
569.456
916.355
522.214
536.736
939.092
873.048
669.958
454.462
390.667
885.201
953.761
888.307
375.816
113.613
156.106
281.964
700.324
541.562
551.89
848.35
63.526
555.873
923.918
327.441
254.15
768.827
670.983
793.287
338.706
967.187
384.47
986.716
991.906
627.222
359.956
710.719