262.11
133.26
280.38
243.52
255.05
282.91
357.45
399.65
332.42
449.97
241.98
271.98
173.77
148.3
230.9
228.4
198.25
116.5
328.17
303.38
499.13
106.0
466.59
250.62
467.75
389.41
127.19
276.22
412.68
187.77
282.73
267.11
314.42
415.7
462.99
371.28
349.64
175.72
228.63
384.39
312.3
251.18
205.04
457.02
208.31
174.55
177.95
469.61
344.49
477.88
436.21
209.34
244.98
239.13
122.24
176.13
462.71
125.79
282.84
197.4
160.5
174.47
417.59
190.54
480.09
121.03
394.07
271.5
208.72
489.08
290.81
323.2
483.88
245.92
231.71
146.01
425.44
364.77
373.84
294.17
424.32
330.3
344.09
478.29
346.97
395.72
113.1
406.42
109.01
266.89
279.27
279.45
419.06
136.32
289.34
122.95
470.73
159.69
216.35
334.75